00100000 
01000101
00000000
00001010
00110100
01000111
00000000
00000100
00110000
01101000
00000000
00000011
10001111
11101001
00000000
00011000
10101111
11101001 
00000000
00110110
00101000
00101010
00000000
00010100
00010000
01001010
00000000
00000001
00100000
10001011
00000000
00000001
00100000
10001100
00000000
00000010
00100000
10001101 
00000000
00000011
00100000
10001110
00000000
00000100
00100000
10001111
00000000
00000101
00100000
10010000
00000000
00000110
00010000
10001001
00000000
00000001
00100000
10010001
00000000
00000111
00100000
10010010
00000000
00001000
00100000
10010011
00000000
00001001
00001000
00000000
00000000
00001111
00100000
10010100
00000000
00001010




